[ 3.53281552e+00 -1.18521515e-02  5.58341118e-05 -1.38878130e-07  1.44304592e-10 -3.95025705e-14 -1.54117621e-17]
[ 3.53924091e+00 -1.21349056e-02  5.88939405e-05 -1.52471617e-07  1.72958585e-10 -6.78211055e-14 -4.88031176e-18]
[ 3.53843494e+00 -1.20448333e-02  5.78160027e-05 -1.47453645e-07  1.62021395e-10 -5.67064184e-14 -9.13116099e-18]
[ 3.52690746e+00 -1.15380083e-02  5.31798876e-05 -1.29984904e-07  1.30508539e-10 -2.96316797e-14 -1.80567712e-17]
[ 3.52884542e+00 -1.15427473e-02  5.33063107e-05 -1.31582927e-07  1.36031809e-10 -3.68197104e-14 -1.48864279e-17]
[ 3.52813437e+00 -1.15211203e-02  5.27042346e-05 -1.27670885e-07  1.25994128e-10 -2.57072213e-14 -1.93224508e-17]
[ 3.53185631e+00 -1.16731724e-02  5.34423559e-05 -1.28041660e-07  1.22281070e-10 -1.87541521e-14 -2.28081631e-17]
[ 3.53355617e+00 -1.17570961e-02  5.45144406e-05 -1.33666323e-07  1.35762368e-10 -3.33577513e-14 -1.70234044e-17]
[ 3.53081717e+00 -1.18540432e-02  5.62502113e-05 -1.42522456e-07  1.55186981e-10 -5.26347624e-14 -9.90316753e-18]
[ 3.52248034e+00 -1.14608150e-02  5.22334778e-05 -1.25867753e-07  1.22498514e-10 -2.25329485e-14 -2.03700568e-17]
[ 3.51859687e+00 -1.11809911e-02  4.91899140e-05 -1.13027082e-07  9.73356591e-11  5.75906952e-16 -2.84133552e-17]
[ 3.51341882e+00 -1.10103874e-02  4.80500863e-05 -1.10135173e-07  9.43615251e-11  1.37217957e-15 -2.81266846e-17]
