[ 3.53529035e+00 -1.20882165e-02  5.84788999e-05 -1.50168636e-07  1.66852688e-10 -6.06853206e-14 -7.84724546e-18]
[ 3.53414550e+00 -1.20746723e-02  5.82040982e-05 -1.48593760e-07  1.63297369e-10 -5.72568905e-14 -9.01101840e-18]
[ 3.52795467e+00 -1.17808172e-02  5.51444541e-05 -1.36380464e-07  1.40910003e-10 -3.81100230e-14 -1.52415421e-17]
[ 3.53788939e+00 -1.20572762e-02  5.79848226e-05 -1.47505268e-07  1.60558442e-10 -5.40316098e-14 -1.04380367e-17]
[ 3.52439735e+00 -1.14729679e-02  5.27531700e-05 -1.29252927e-07  1.30994700e-10 -3.15836209e-14 -1.69091340e-17]
[ 3.53396192e+00 -1.18103659e-02  5.53523640e-05 -1.36921371e-07  1.40896594e-10 -3.68858641e-14 -1.61420507e-17]
[ 3.52694883e+00 -1.16162299e-02  5.33657477e-05 -1.29293827e-07  1.27551850e-10 -2.61400455e-14 -1.93371046e-17]
[ 3.52792805e+00 -1.17039451e-02  5.47899113e-05 -1.36708276e-07  1.44156889e-10 -4.27880710e-14 -1.31970059e-17]
[ 3.51917405e+00 -1.14612545e-02  5.21441089e-05 -1.25111446e-07  1.20946456e-10 -2.14225838e-14 -2.05301087e-17]
[ 3.51079428e+00 -1.12082753e-02  5.00708919e-05 -1.17511651e-07  1.06954658e-10 -8.84350220e-15 -2.49289943e-17]
[ 3.51107400e+00 -1.11193645e-02  4.92454982e-05 -1.14549527e-07  1.01926624e-10 -4.79742154e-15 -2.61762635e-17]
[ 3.51922122e+00 -1.14742678e-02  5.25427140e-05 -1.26768572e-07  1.23412328e-10 -2.27666606e-14 -2.04118930e-17]
